(kicad_pcb (version 20171130) (host pcbnew 5.1.2)

  (general
    (thickness 1.6)
    (drawings 7)
    (tracks 193)
    (zones 0)
    (modules 26)
    (nets 23)
  )

  (page USLetter)
  (layers
    (0 F.Cu signal)
    (31 B.Cu signal)
    (32 B.Adhes user)
    (33 F.Adhes user)
    (34 B.Paste user)
    (35 F.Paste user)
    (36 B.SilkS user)
    (37 F.SilkS user)
    (38 B.Mask user)
    (39 F.Mask user)
    (40 Dwgs.User user)
    (41 Cmts.User user)
    (42 Eco1.User user)
    (43 Eco2.User user)
    (44 Edge.Cuts user)
    (45 Margin user)
    (46 B.CrtYd user)
    (47 F.CrtYd user)
    (48 B.Fab user)
    (49 F.Fab user)
  )

  (setup
    (last_trace_width 0.25)
    (user_trace_width 0.4)
    (trace_clearance 0.2)
    (zone_clearance 0.3)
    (zone_45_only no)
    (trace_min 0.2)
    (via_size 0.8)
    (via_drill 0.4)
    (via_min_size 0.4)
    (via_min_drill 0.3)
    (uvia_size 0.3)
    (uvia_drill 0.1)
    (uvias_allowed no)
    (uvia_min_size 0.2)
    (uvia_min_drill 0.1)
    (edge_width 0.05)
    (segment_width 0.2)
    (pcb_text_width 0.3)
    (pcb_text_size 1.5 1.5)
    (mod_edge_width 0.12)
    (mod_text_size 1 1)
    (mod_text_width 0.15)
    (pad_size 1 1)
    (pad_drill 0.5)
    (pad_to_mask_clearance 0.051)
    (solder_mask_min_width 0.25)
    (aux_axis_origin 0 0)
    (grid_origin 110.2 94.6)
    (visible_elements FFFDFF7F)
    (pcbplotparams
      (layerselection 0x010fc_ffffffff)
      (usegerberextensions false)
      (usegerberattributes false)
      (usegerberadvancedattributes false)
      (creategerberjobfile false)
      (excludeedgelayer true)
      (linewidth 0.100000)
      (plotframeref false)
      (viasonmask false)
      (mode 1)
      (useauxorigin false)
      (hpglpennumber 1)
      (hpglpenspeed 20)
      (hpglpendiameter 15.000000)
      (psnegative false)
      (psa4output false)
      (plotreference true)
      (plotvalue true)
      (plotinvisibletext false)
      (padsonsilk false)
      (subtractmaskfromsilk false)
      (outputformat 1)
      (mirror false)
      (drillshape 0)
      (scaleselection 1)
      (outputdirectory "gerber/"))
  )

  (net 0 "")
  (net 1 GND)
  (net 2 +3V3)
  (net 3 "Net-(D1-Pad1)")
  (net 4 "Net-(J1-Pad8)")
  (net 5 "Net-(J3-Pad1)")
  (net 6 "Net-(R1-Pad1)")
  (net 7 "Net-(R1-Pad2)")
  (net 8 "Net-(R4-Pad1)")
  (net 9 "Net-(R5-Pad1)")
  (net 10 "Net-(R5-Pad2)")
  (net 11 "Net-(U1-Pad4)")
  (net 12 "Net-(U1-Pad5)")
  (net 13 "Net-(U2-Pad4)")
  (net 14 "Net-(U3-Pad6)")
  (net 15 /Vb)
  (net 16 /CE)
  (net 17 /CSN)
  (net 18 /SCK)
  (net 19 /MOSI)
  (net 20 /MISO)
  (net 21 /RSTn)
  (net 22 "Net-(U3-Pad11)")

  (net_class Default "This is the default net class."
    (clearance 0.2)
    (trace_width 0.25)
    (via_dia 0.8)
    (via_drill 0.4)
    (uvia_dia 0.3)
    (uvia_drill 0.1)
    (add_net +3V3)
    (add_net /CE)
    (add_net /CSN)
    (add_net /MISO)
    (add_net /MOSI)
    (add_net /RSTn)
    (add_net /SCK)
    (add_net /Vb)
    (add_net GND)
    (add_net "Net-(D1-Pad1)")
    (add_net "Net-(J1-Pad8)")
    (add_net "Net-(J3-Pad1)")
    (add_net "Net-(R1-Pad1)")
    (add_net "Net-(R1-Pad2)")
    (add_net "Net-(R4-Pad1)")
    (add_net "Net-(R5-Pad1)")
    (add_net "Net-(R5-Pad2)")
    (add_net "Net-(U1-Pad4)")
    (add_net "Net-(U1-Pad5)")
    (add_net "Net-(U2-Pad4)")
    (add_net "Net-(U3-Pad11)")
    (add_net "Net-(U3-Pad6)")
  )

  (module lofi:SOIC-14 (layer F.Cu) (tedit 5D579754) (tstamp 5D544EE9)
    (at 120.4 77 90)
    (descr "SOIC, 14 Pin (JEDEC MS-012AB, https://www.analog.com/media/en/package-pcb-resources/package/pkg_pdf/soic_narrow-r/r_14.pdf), generated with kicad-footprint-generator ipc_gullwing_generator.py")
    (tags "SOIC SO")
    (path /5D513364)
    (attr smd)
    (fp_text reference U3 (at -0.025 5.17 90) (layer F.SilkS)
      (effects (font (size 1 1) (thickness 0.15)))
    )
    (fp_text value ATtiny84V (at 0 5.28 90) (layer F.Fab)
      (effects (font (size 1 1) (thickness 0.15)))
    )
    (fp_circle (center -3.6 -4.4) (end -3.55 -4.35) (layer F.SilkS) (width 0.12))
    (fp_line (start 1.7 -4.35) (end -0.95 -4.35) (layer F.SilkS) (width 0.12))
    (fp_line (start 1.7 4.35) (end 1.7 -4.35) (layer F.SilkS) (width 0.12))
    (fp_line (start -1.7 4.35) (end 1.7 4.35) (layer F.SilkS) (width 0.12))
    (fp_line (start -1.7 -3.55) (end -1.7 4.35) (layer F.SilkS) (width 0.12))
    (fp_line (start -0.95 -4.35) (end -1.7 -3.55) (layer F.SilkS) (width 0.12))
    (fp_text user %R (at 0 0 90) (layer F.Fab)
      (effects (font (size 0.98 0.98) (thickness 0.15)))
    )
    (fp_line (start 4 -4.58) (end -3.95 -4.58) (layer F.CrtYd) (width 0.05))
    (fp_line (start 4 4.58) (end 4 -4.58) (layer F.CrtYd) (width 0.05))
    (fp_line (start -3.95 4.58) (end 4 4.58) (layer F.CrtYd) (width 0.05))
    (fp_line (start -3.95 -4.58) (end -3.95 4.58) (layer F.CrtYd) (width 0.05))
    (pad 14 smd rect (at 2.8 -3.81 90) (size 1.8 0.6) (layers F.Cu F.Paste F.Mask)
      (net 1 GND))
    (pad 13 smd rect (at 2.8 -2.54 90) (size 1.8 0.6) (layers F.Cu F.Paste F.Mask)
      (net 16 /CE))
    (pad 12 smd rect (at 2.8 -1.27 90) (size 1.8 0.6) (layers F.Cu F.Paste F.Mask)
      (net 17 /CSN))
    (pad 11 smd rect (at 2.8 0 90) (size 1.8 0.6) (layers F.Cu F.Paste F.Mask)
      (net 22 "Net-(U3-Pad11)"))
    (pad 10 smd rect (at 2.8 1.27 90) (size 1.8 0.6) (layers F.Cu F.Paste F.Mask)
      (net 5 "Net-(J3-Pad1)"))
    (pad 9 smd rect (at 2.8 2.54 90) (size 1.8 0.6) (layers F.Cu F.Paste F.Mask)
      (net 18 /SCK))
    (pad 8 smd rect (at 2.8 3.81 90) (size 1.8 0.6) (layers F.Cu F.Paste F.Mask)
      (net 20 /MISO))
    (pad 7 smd rect (at -2.8 3.81 90) (size 1.8 0.6) (layers F.Cu F.Paste F.Mask)
      (net 19 /MOSI))
    (pad 6 smd rect (at -2.8 2.54 90) (size 1.8 0.6) (layers F.Cu F.Paste F.Mask)
      (net 14 "Net-(U3-Pad6)"))
    (pad 5 smd rect (at -2.8 1.27 90) (size 1.8 0.6) (layers F.Cu F.Paste F.Mask)
      (net 9 "Net-(R5-Pad1)"))
    (pad 4 smd rect (at -2.8 0 90) (size 1.8 0.6) (layers F.Cu F.Paste F.Mask)
      (net 21 /RSTn))
    (pad 3 smd rect (at -2.8 -1.27 90) (size 1.8 0.6) (layers F.Cu F.Paste F.Mask)
      (net 11 "Net-(U1-Pad4)"))
    (pad 2 smd rect (at -2.8 -2.54 90) (size 1.8 0.6) (layers F.Cu F.Paste F.Mask)
      (net 12 "Net-(U1-Pad5)"))
    (pad 1 smd rect (at -2.8 -3.81 90) (size 1.8 0.6) (layers F.Cu F.Paste F.Mask)
      (net 2 +3V3))
    (model ${KISYS3DMOD}/Package_SO.3dshapes/SOIC-14_3.9x8.7mm_P1.27mm.wrl
      (at (xyz 0 0 0))
      (scale (xyz 1 1 1))
      (rotate (xyz 0 0 0))
    )
  )

  (module lofi:TPL5111 (layer F.Cu) (tedit 5D5795A1) (tstamp 5D54645D)
    (at 112.4 85.5 90)
    (descr "6-pin SOT-23 package, Handsoldering")
    (tags "SOT-23-6 Handsoldering")
    (path /5D50E40A)
    (attr smd)
    (fp_text reference U1 (at -3.1 -1 180) (layer F.SilkS)
      (effects (font (size 1 1) (thickness 0.15)))
    )
    (fp_text value TPL5111 (at 0 2.9 90) (layer F.Fab)
      (effects (font (size 1 1) (thickness 0.15)))
    )
    (fp_circle (center -2.05 -1.55) (end -2.05 -1.6) (layer F.SilkS) (width 0.12))
    (fp_line (start 0.9 -1.55) (end 0.9 1.55) (layer F.Fab) (width 0.1))
    (fp_line (start 0.9 1.55) (end -0.9 1.55) (layer F.Fab) (width 0.1))
    (fp_line (start -0.9 -0.9) (end -0.9 1.55) (layer F.Fab) (width 0.1))
    (fp_line (start 0.9 -1.55) (end -0.25 -1.55) (layer F.Fab) (width 0.1))
    (fp_line (start -0.9 -0.9) (end -0.25 -1.55) (layer F.Fab) (width 0.1))
    (fp_line (start -2.4 -1.8) (end 2.4 -1.8) (layer F.CrtYd) (width 0.05))
    (fp_line (start 2.4 -1.8) (end 2.4 1.8) (layer F.CrtYd) (width 0.05))
    (fp_line (start 2.4 1.8) (end -2.4 1.8) (layer F.CrtYd) (width 0.05))
    (fp_line (start -2.4 1.8) (end -2.4 -1.8) (layer F.CrtYd) (width 0.05))
    (fp_line (start -0.4 -1.6) (end -0.4 1.65) (layer F.SilkS) (width 0.12))
    (fp_text user %R (at 0 0) (layer F.Fab)
      (effects (font (size 0.5 0.5) (thickness 0.075)))
    )
    (pad 5 smd rect (at 1.35 0 90) (size 1.56 0.65) (layers F.Cu F.Paste F.Mask)
      (net 12 "Net-(U1-Pad5)"))
    (pad 6 smd rect (at 1.35 -0.95 90) (size 1.56 0.65) (layers F.Cu F.Paste F.Mask)
      (net 15 /Vb))
    (pad 4 smd rect (at 1.35 0.95 90) (size 1.56 0.65) (layers F.Cu F.Paste F.Mask)
      (net 11 "Net-(U1-Pad4)"))
    (pad 3 smd rect (at -1.35 0.95 90) (size 1.56 0.65) (layers F.Cu F.Paste F.Mask)
      (net 6 "Net-(R1-Pad1)"))
    (pad 2 smd rect (at -1.35 0 90) (size 1.56 0.65) (layers F.Cu F.Paste F.Mask)
      (net 1 GND))
    (pad 1 smd rect (at -1.35 -0.95 90) (size 1.56 0.65) (layers F.Cu F.Paste F.Mask)
      (net 15 /Vb))
    (model ${KISYS3DMOD}/Package_TO_SOT_SMD.3dshapes/SOT-23-6.wrl
      (at (xyz 0 0 0))
      (scale (xyz 1 1 1))
      (rotate (xyz 0 0 0))
    )
  )

  (module lofi:nrf24l01p (layer F.Cu) (tedit 5D575C6F) (tstamp 5D54104E)
    (at 116.2 70.4)
    (descr "Through hole straight pin header, 1x08, 1.27mm pitch, single row")
    (tags "Through hole pin header THT 1x08 1.27mm single row")
    (path /5D51CBAB)
    (fp_text reference J1 (at 10.51 0.95) (layer F.SilkS)
      (effects (font (size 1 1) (thickness 0.15)))
    )
    (fp_text value NRF24l01+ (at 4.9 1.9) (layer F.Fab)
      (effects (font (size 1 1) (thickness 0.15)))
    )
    (fp_text user 8 (at 10.4 -0.25) (layer F.SilkS)
      (effects (font (size 1 1) (thickness 0.15)))
    )
    (fp_text user 1 (at -1.07 -0.42) (layer F.SilkS)
      (effects (font (size 1 1) (thickness 0.15)))
    )
    (fp_text user 8 (at 10.4 -0.25) (layer F.SilkS)
      (effects (font (size 1 1) (thickness 0.15)))
    )
    (fp_text user 1 (at -1.08 -0.42) (layer F.SilkS)
      (effects (font (size 1 1) (thickness 0.15)))
    )
    (fp_line (start 9.65 -1.2) (end -0.7 -1.2) (layer F.CrtYd) (width 0.05))
    (fp_line (start 9.65 0.6) (end 9.65 -1.2) (layer F.CrtYd) (width 0.05))
    (fp_line (start -0.7 0.6) (end 9.65 0.6) (layer F.CrtYd) (width 0.05))
    (fp_line (start -0.7 -1.2) (end -0.7 0.6) (layer F.CrtYd) (width 0.05))
    (fp_line (start -0.7 0.6) (end -0.7 -1.2) (layer F.Fab) (width 0.1))
    (fp_line (start 9.65 0.6) (end -0.7 0.6) (layer F.Fab) (width 0.1))
    (fp_line (start 9.65 -1.2) (end 9.65 0.6) (layer F.Fab) (width 0.1))
    (fp_line (start -0.7 -1.2) (end 9.65 -1.2) (layer F.Fab) (width 0.1))
    (pad 8 thru_hole rect (at 8.89 0) (size 1 1.65) (drill 0.5 (offset 0 -0.3)) (layers *.Cu *.Mask)
      (net 4 "Net-(J1-Pad8)"))
    (pad 7 thru_hole rect (at 7.62 0) (size 1 1.65) (drill 0.5 (offset 0 -0.3)) (layers *.Cu *.Mask)
      (net 20 /MISO))
    (pad 6 thru_hole rect (at 6.35 0) (size 1 1.65) (drill 0.5 (offset 0 -0.3)) (layers *.Cu *.Mask)
      (net 19 /MOSI))
    (pad 5 thru_hole rect (at 5.08 0) (size 1 1.65) (drill 0.5 (offset 0 -0.3)) (layers *.Cu *.Mask)
      (net 18 /SCK))
    (pad 4 thru_hole rect (at 3.81 0) (size 1 1.65) (drill 0.5 (offset 0 -0.3)) (layers *.Cu *.Mask)
      (net 17 /CSN))
    (pad 3 thru_hole rect (at 2.54 0) (size 1 1.65) (drill 0.5 (offset 0 -0.3)) (layers *.Cu *.Mask)
      (net 16 /CE))
    (pad 2 thru_hole rect (at 1.27 0) (size 1 1.65) (drill 0.5 (offset 0 -0.3)) (layers *.Cu *.Mask)
      (net 1 GND))
    (pad 1 thru_hole rect (at 0 0) (size 1 1.65) (drill 0.5 (offset 0 -0.3)) (layers *.Cu *.Mask)
      (net 2 +3V3))
    (model ${KISYS3DMOD}/Connector_PinHeader_1.27mm.3dshapes/PinHeader_1x08_P1.27mm_Vertical.wrl
      (at (xyz 0 0 0))
      (scale (xyz 1 1 1))
      (rotate (xyz 0 0 0))
    )
  )

  (module lofi:castellate (layer F.Cu) (tedit 5D57583E) (tstamp 5D579B31)
    (at 125.09 69.2)
    (descr "Through hole straight pin header, 1x01, 1.27mm pitch, single row")
    (tags "Through hole pin header THT 1x01 1.27mm single row")
    (fp_text reference REF** (at 0 -1.695) (layer F.SilkS)
      (effects (font (size 1 1) (thickness 0.15)))
    )
    (fp_text value castellate (at 0 1.695) (layer F.Fab)
      (effects (font (size 1 1) (thickness 0.15)))
    )
    (pad 1 thru_hole rect (at 0 0) (size 1 1) (drill 0.5) (layers *.Cu *.Mask))
    (model ${KISYS3DMOD}/Connector_PinHeader_1.27mm.3dshapes/PinHeader_1x01_P1.27mm_Vertical.wrl
      (at (xyz 0 0 0))
      (scale (xyz 1 1 1))
      (rotate (xyz 0 0 0))
    )
  )

  (module lofi:castellate (layer F.Cu) (tedit 5D57583E) (tstamp 5D579B24)
    (at 123.82 69.2)
    (descr "Through hole straight pin header, 1x01, 1.27mm pitch, single row")
    (tags "Through hole pin header THT 1x01 1.27mm single row")
    (fp_text reference REF** (at 0 -1.695) (layer F.SilkS)
      (effects (font (size 1 1) (thickness 0.15)))
    )
    (fp_text value castellate (at 0 1.695) (layer F.Fab)
      (effects (font (size 1 1) (thickness 0.15)))
    )
    (pad 1 thru_hole rect (at 0 0) (size 1 1) (drill 0.5) (layers *.Cu *.Mask))
    (model ${KISYS3DMOD}/Connector_PinHeader_1.27mm.3dshapes/PinHeader_1x01_P1.27mm_Vertical.wrl
      (at (xyz 0 0 0))
      (scale (xyz 1 1 1))
      (rotate (xyz 0 0 0))
    )
  )

  (module lofi:castellate (layer F.Cu) (tedit 5D57583E) (tstamp 5D579B17)
    (at 122.55 69.2)
    (descr "Through hole straight pin header, 1x01, 1.27mm pitch, single row")
    (tags "Through hole pin header THT 1x01 1.27mm single row")
    (fp_text reference REF** (at 0 -1.695) (layer F.SilkS)
      (effects (font (size 1 1) (thickness 0.15)))
    )
    (fp_text value castellate (at 0 1.695) (layer F.Fab)
      (effects (font (size 1 1) (thickness 0.15)))
    )
    (pad 1 thru_hole rect (at 0 0) (size 1 1) (drill 0.5) (layers *.Cu *.Mask))
    (model ${KISYS3DMOD}/Connector_PinHeader_1.27mm.3dshapes/PinHeader_1x01_P1.27mm_Vertical.wrl
      (at (xyz 0 0 0))
      (scale (xyz 1 1 1))
      (rotate (xyz 0 0 0))
    )
  )

  (module lofi:castellate (layer F.Cu) (tedit 5D57583E) (tstamp 5D579B0A)
    (at 121.28 69.2)
    (descr "Through hole straight pin header, 1x01, 1.27mm pitch, single row")
    (tags "Through hole pin header THT 1x01 1.27mm single row")
    (fp_text reference REF** (at 0 -1.695) (layer F.SilkS)
      (effects (font (size 1 1) (thickness 0.15)))
    )
    (fp_text value castellate (at 0 1.695) (layer F.Fab)
      (effects (font (size 1 1) (thickness 0.15)))
    )
    (pad 1 thru_hole rect (at 0 0) (size 1 1) (drill 0.5) (layers *.Cu *.Mask))
    (model ${KISYS3DMOD}/Connector_PinHeader_1.27mm.3dshapes/PinHeader_1x01_P1.27mm_Vertical.wrl
      (at (xyz 0 0 0))
      (scale (xyz 1 1 1))
      (rotate (xyz 0 0 0))
    )
  )

  (module lofi:castellate (layer F.Cu) (tedit 5D57583E) (tstamp 5D579AFD)
    (at 120.01 69.2)
    (descr "Through hole straight pin header, 1x01, 1.27mm pitch, single row")
    (tags "Through hole pin header THT 1x01 1.27mm single row")
    (fp_text reference REF** (at 0 -1.695) (layer F.SilkS)
      (effects (font (size 1 1) (thickness 0.15)))
    )
    (fp_text value castellate (at 0 1.695) (layer F.Fab)
      (effects (font (size 1 1) (thickness 0.15)))
    )
    (pad 1 thru_hole rect (at 0 0) (size 1 1) (drill 0.5) (layers *.Cu *.Mask))
    (model ${KISYS3DMOD}/Connector_PinHeader_1.27mm.3dshapes/PinHeader_1x01_P1.27mm_Vertical.wrl
      (at (xyz 0 0 0))
      (scale (xyz 1 1 1))
      (rotate (xyz 0 0 0))
    )
  )

  (module lofi:castellate (layer F.Cu) (tedit 5D57583E) (tstamp 5D579AF0)
    (at 118.74 69.2)
    (descr "Through hole straight pin header, 1x01, 1.27mm pitch, single row")
    (tags "Through hole pin header THT 1x01 1.27mm single row")
    (fp_text reference REF** (at 0 -1.695) (layer F.SilkS)
      (effects (font (size 1 1) (thickness 0.15)))
    )
    (fp_text value castellate (at 0 1.695) (layer F.Fab)
      (effects (font (size 1 1) (thickness 0.15)))
    )
    (pad 1 thru_hole rect (at 0 0) (size 1 1) (drill 0.5) (layers *.Cu *.Mask))
    (model ${KISYS3DMOD}/Connector_PinHeader_1.27mm.3dshapes/PinHeader_1x01_P1.27mm_Vertical.wrl
      (at (xyz 0 0 0))
      (scale (xyz 1 1 1))
      (rotate (xyz 0 0 0))
    )
  )

  (module lofi:castellate (layer F.Cu) (tedit 5D57583E) (tstamp 5D579AD1)
    (at 117.47 69.2)
    (descr "Through hole straight pin header, 1x01, 1.27mm pitch, single row")
    (tags "Through hole pin header THT 1x01 1.27mm single row")
    (fp_text reference REF** (at 0 -1.695) (layer F.SilkS)
      (effects (font (size 1 1) (thickness 0.15)))
    )
    (fp_text value castellate (at 0 1.695) (layer F.Fab)
      (effects (font (size 1 1) (thickness 0.15)))
    )
    (pad 1 thru_hole rect (at 0 0) (size 1 1) (drill 0.5) (layers *.Cu *.Mask))
    (model ${KISYS3DMOD}/Connector_PinHeader_1.27mm.3dshapes/PinHeader_1x01_P1.27mm_Vertical.wrl
      (at (xyz 0 0 0))
      (scale (xyz 1 1 1))
      (rotate (xyz 0 0 0))
    )
  )

  (module lofi:castellate (layer F.Cu) (tedit 5D57583E) (tstamp 5D579AA1)
    (at 116.2 69.2)
    (descr "Through hole straight pin header, 1x01, 1.27mm pitch, single row")
    (tags "Through hole pin header THT 1x01 1.27mm single row")
    (fp_text reference REF** (at 0 -1.695) (layer F.SilkS)
      (effects (font (size 1 1) (thickness 0.15)))
    )
    (fp_text value castellate (at 0 1.695) (layer F.Fab)
      (effects (font (size 1 1) (thickness 0.15)))
    )
    (pad 1 thru_hole rect (at 0 0) (size 1 1) (drill 0.5) (layers *.Cu *.Mask))
    (model ${KISYS3DMOD}/Connector_PinHeader_1.27mm.3dshapes/PinHeader_1x01_P1.27mm_Vertical.wrl
      (at (xyz 0 0 0))
      (scale (xyz 1 1 1))
      (rotate (xyz 0 0 0))
    )
  )

  (module lofi:CR2032_battery_clip (layer B.Cu) (tedit 5D57214C) (tstamp 5D53F57A)
    (at 121.3 82.5 50)
    (path /5D4E5647)
    (fp_text reference BT1 (at 8.527074 11.251178 50) (layer B.SilkS)
      (effects (font (size 1 1) (thickness 0.15)) (justify mirror))
    )
    (fp_text value CR2032 (at 0 -9.4 50) (layer B.Fab)
      (effects (font (size 1 1) (thickness 0.15)) (justify mirror))
    )
    (fp_arc (start 0 0) (end -10.499999 -3.099999) (angle 147.1027837) (layer B.CrtYd) (width 0.12))
    (fp_arc (start 0 0) (end 10.499999 2.999999) (angle 148.1092082) (layer B.CrtYd) (width 0.12))
    (fp_line (start -13.4 3) (end -10.5 3) (layer B.CrtYd) (width 0.12))
    (fp_line (start -13.4 -3.1) (end -10.5 -3.1) (layer B.CrtYd) (width 0.12))
    (fp_line (start -13.4 3) (end -13.4 -3.1) (layer B.CrtYd) (width 0.12))
    (fp_line (start 13.4 3) (end 10.5 3) (layer B.CrtYd) (width 0.12))
    (fp_line (start 13.4 -3.1) (end 10.5 -3.1) (layer B.CrtYd) (width 0.12))
    (fp_line (start 13.4 3) (end 13.4 -3.1) (layer B.CrtYd) (width 0.12))
    (fp_text user + (at 14.307532 -2.08435 50) (layer B.Cu)
      (effects (font (size 1.5 1.5) (thickness 0.3)) (justify mirror))
    )
    (pad 1 smd rect (at -11.7 0 50) (size 2.4 5) (layers B.Cu B.Paste B.Mask)
      (net 15 /Vb))
    (pad 2 smd circle (at 0 0 50) (size 15 15) (layers B.Cu B.Paste B.Mask)
      (net 1 GND))
    (pad 1 smd rect (at 11.7 0 50) (size 2.4 5) (layers B.Cu B.Paste B.Mask)
      (net 15 /Vb))
  )

  (module lofi:REED_SPDT (layer F.Cu) (tedit 5D5703C8) (tstamp 5D544096)
    (at 131 81.9 270)
    (descr "Coto Technologies SPST Reed Switch CT10-XXXX-G4")
    (tags "Coto Reed SPST Switch")
    (path /5D53B6CD)
    (attr smd)
    (fp_text reference SW1 (at -10.6 2.1 90) (layer F.SilkS)
      (effects (font (size 1 1) (thickness 0.15)))
    )
    (fp_text value Reed (at 0 -2.3 90) (layer F.Fab)
      (effects (font (size 1 1) (thickness 0.15)))
    )
    (fp_text user %R (at 10.7 2 90) (layer F.Fab)
      (effects (font (size 1 1) (thickness 0.15)))
    )
    (pad 3 smd rect (at -9.4 0 270) (size 1.6 2) (layers F.Cu F.Paste F.Mask)
      (net 8 "Net-(R4-Pad1)"))
    (pad 2 smd rect (at 11.6 0 270) (size 1.6 2) (layers F.Cu F.Paste F.Mask)
      (net 10 "Net-(R5-Pad2)"))
    (pad 1 smd rect (at -11.6 0 270) (size 1.6 2) (layers F.Cu F.Paste F.Mask)
      (net 1 GND))
    (model ${KISYS3DMOD}/Button_Switch_SMD.3dshapes/SW_SPST_REED_CT10-XXXX-G4.wrl
      (at (xyz 0 0 0))
      (scale (xyz 1 1 1))
      (rotate (xyz 0 0 0))
    )
  )

  (module lofi:ISP (layer F.Cu) (tedit 5D5437B1) (tstamp 5D544410)
    (at 112.1 71.3 180)
    (descr "surface-mounted straight pin header, 2x03, 1.27mm pitch, double rows")
    (tags "Surface mounted pin header SMD 2x03 1.27mm double row")
    (path /5D53434D)
    (attr smd)
    (fp_text reference J2 (at -2.5 -0.5) (layer F.SilkS)
      (effects (font (size 1 1) (thickness 0.15)))
    )
    (fp_text value ISP (at 0.2 3.25) (layer F.Fab)
      (effects (font (size 1 1) (thickness 0.15)))
    )
    (fp_line (start 1.95 -2.45) (end -1.95 -2.45) (layer F.CrtYd) (width 0.05))
    (fp_line (start 1.95 2.45) (end 1.95 -2.45) (layer F.CrtYd) (width 0.05))
    (fp_line (start -1.95 2.45) (end 1.95 2.45) (layer F.CrtYd) (width 0.05))
    (fp_line (start -1.95 -2.45) (end -1.95 2.45) (layer F.CrtYd) (width 0.05))
    (fp_line (start 1.765 1.9) (end 1.765 1.965) (layer F.SilkS) (width 0.12))
    (fp_line (start -1.765 1.9) (end -1.765 1.965) (layer F.SilkS) (width 0.12))
    (fp_line (start 1.765 -1.965) (end 1.765 -1.9) (layer F.SilkS) (width 0.12))
    (fp_line (start -1.765 -1.965) (end -1.765 -1.9) (layer F.SilkS) (width 0.12))
    (fp_line (start -1.765 1.965) (end 1.765 1.965) (layer F.SilkS) (width 0.12))
    (fp_line (start -1.765 -1.965) (end 1.765 -1.965) (layer F.SilkS) (width 0.12))
    (fp_line (start 1.705 -1.905) (end 1.705 1.905) (layer F.Fab) (width 0.1))
    (fp_line (start -1.705 -1.47) (end -1.27 -1.905) (layer F.Fab) (width 0.1))
    (fp_line (start -1.705 1.905) (end -1.705 -1.47) (layer F.Fab) (width 0.1))
    (fp_line (start -1.27 -1.905) (end 1.705 -1.905) (layer F.Fab) (width 0.1))
    (fp_line (start 1.705 1.905) (end -1.705 1.905) (layer F.Fab) (width 0.1))
    (pad 6 smd roundrect (at 1 1.27 180) (size 1 0.8) (layers F.Cu F.Paste F.Mask) (roundrect_rratio 0.25)
      (net 1 GND))
    (pad 5 smd roundrect (at -1 1.27 180) (size 1 0.8) (layers F.Cu F.Paste F.Mask) (roundrect_rratio 0.25)
      (net 18 /SCK))
    (pad 4 smd roundrect (at 1 0 180) (size 1 0.8) (layers F.Cu F.Paste F.Mask) (roundrect_rratio 0.25)
      (net 21 /RSTn))
    (pad 3 smd roundrect (at -1 0 180) (size 1 0.8) (layers F.Cu F.Paste F.Mask) (roundrect_rratio 0.25)
      (net 19 /MOSI))
    (pad 2 smd roundrect (at 1 -1.27 180) (size 1 0.8) (layers F.Cu F.Paste F.Mask) (roundrect_rratio 0.25)
      (net 2 +3V3))
    (pad 1 smd rect (at -1 -1.27 180) (size 1 0.8) (layers F.Cu F.Paste F.Mask)
      (net 20 /MISO))
    (model ${KISYS3DMOD}/Connector_PinHeader_1.27mm.3dshapes/PinHeader_2x03_P1.27mm_Vertical_SMD.wrl
      (at (xyz 0 0 0))
      (scale (xyz 1 1 1))
      (rotate (xyz 0 0 0))
    )
  )

  (module Capacitor_SMD:C_0603_1608Metric (layer F.Cu) (tedit 5B301BBE) (tstamp 5D570B32)
    (at 111.8 76.4875 270)
    (descr "Capacitor SMD 0603 (1608 Metric), square (rectangular) end terminal, IPC_7351 nominal, (Body size source: http://www.tortai-tech.com/upload/download/2011102023233369053.pdf), generated with kicad-footprint-generator")
    (tags capacitor)
    (path /5D5828B7)
    (attr smd)
    (fp_text reference C2 (at -2.0875 -0.9 180) (layer F.SilkS)
      (effects (font (size 1 1) (thickness 0.15)))
    )
    (fp_text value 0.1uF (at 0 1.43 90) (layer F.Fab)
      (effects (font (size 1 1) (thickness 0.15)))
    )
    (fp_text user %R (at 0 0 90) (layer F.Fab)
      (effects (font (size 0.4 0.4) (thickness 0.06)))
    )
    (fp_line (start 1.48 0.73) (end -1.48 0.73) (layer F.CrtYd) (width 0.05))
    (fp_line (start 1.48 -0.73) (end 1.48 0.73) (layer F.CrtYd) (width 0.05))
    (fp_line (start -1.48 -0.73) (end 1.48 -0.73) (layer F.CrtYd) (width 0.05))
    (fp_line (start -1.48 0.73) (end -1.48 -0.73) (layer F.CrtYd) (width 0.05))
    (fp_line (start -0.162779 0.51) (end 0.162779 0.51) (layer F.SilkS) (width 0.12))
    (fp_line (start -0.162779 -0.51) (end 0.162779 -0.51) (layer F.SilkS) (width 0.12))
    (fp_line (start 0.8 0.4) (end -0.8 0.4) (layer F.Fab) (width 0.1))
    (fp_line (start 0.8 -0.4) (end 0.8 0.4) (layer F.Fab) (width 0.1))
    (fp_line (start -0.8 -0.4) (end 0.8 -0.4) (layer F.Fab) (width 0.1))
    (fp_line (start -0.8 0.4) (end -0.8 -0.4) (layer F.Fab) (width 0.1))
    (pad 2 smd roundrect (at 0.7875 0 270) (size 0.875 0.95) (layers F.Cu F.Paste F.Mask) (roundrect_rratio 0.25)
      (net 1 GND))
    (pad 1 smd roundrect (at -0.7875 0 270) (size 0.875 0.95) (layers F.Cu F.Paste F.Mask) (roundrect_rratio 0.25)
      (net 2 +3V3))
    (model ${KISYS3DMOD}/Capacitor_SMD.3dshapes/C_0603_1608Metric.wrl
      (at (xyz 0 0 0))
      (scale (xyz 1 1 1))
      (rotate (xyz 0 0 0))
    )
  )

  (module Capacitor_SMD:C_0603_1608Metric (layer F.Cu) (tedit 5B301BBE) (tstamp 5D545C55)
    (at 114.8 76.8 90)
    (descr "Capacitor SMD 0603 (1608 Metric), square (rectangular) end terminal, IPC_7351 nominal, (Body size source: http://www.tortai-tech.com/upload/download/2011102023233369053.pdf), generated with kicad-footprint-generator")
    (tags capacitor)
    (path /5D57FD86)
    (attr smd)
    (fp_text reference C3 (at 2.2 0.1 180) (layer F.SilkS)
      (effects (font (size 1 1) (thickness 0.15)))
    )
    (fp_text value 0.1uF (at 0 1.43 90) (layer F.Fab)
      (effects (font (size 1 1) (thickness 0.15)))
    )
    (fp_line (start -0.8 0.4) (end -0.8 -0.4) (layer F.Fab) (width 0.1))
    (fp_line (start -0.8 -0.4) (end 0.8 -0.4) (layer F.Fab) (width 0.1))
    (fp_line (start 0.8 -0.4) (end 0.8 0.4) (layer F.Fab) (width 0.1))
    (fp_line (start 0.8 0.4) (end -0.8 0.4) (layer F.Fab) (width 0.1))
    (fp_line (start -0.162779 -0.51) (end 0.162779 -0.51) (layer F.SilkS) (width 0.12))
    (fp_line (start -0.162779 0.51) (end 0.162779 0.51) (layer F.SilkS) (width 0.12))
    (fp_line (start -1.48 0.73) (end -1.48 -0.73) (layer F.CrtYd) (width 0.05))
    (fp_line (start -1.48 -0.73) (end 1.48 -0.73) (layer F.CrtYd) (width 0.05))
    (fp_line (start 1.48 -0.73) (end 1.48 0.73) (layer F.CrtYd) (width 0.05))
    (fp_line (start 1.48 0.73) (end -1.48 0.73) (layer F.CrtYd) (width 0.05))
    (fp_text user %R (at 0 0 90) (layer F.Fab)
      (effects (font (size 0.4 0.4) (thickness 0.06)))
    )
    (pad 1 smd roundrect (at -0.7875 0 90) (size 0.875 0.95) (layers F.Cu F.Paste F.Mask) (roundrect_rratio 0.25)
      (net 2 +3V3))
    (pad 2 smd roundrect (at 0.7875 0 90) (size 0.875 0.95) (layers F.Cu F.Paste F.Mask) (roundrect_rratio 0.25)
      (net 1 GND))
    (model ${KISYS3DMOD}/Capacitor_SMD.3dshapes/C_0603_1608Metric.wrl
      (at (xyz 0 0 0))
      (scale (xyz 1 1 1))
      (rotate (xyz 0 0 0))
    )
  )

  (module LED_SMD:LED_0603_1608Metric (layer F.Cu) (tedit 5B301BBE) (tstamp 5D4EC97F)
    (at 130.2 81.4 90)
    (descr "LED SMD 0603 (1608 Metric), square (rectangular) end terminal, IPC_7351 nominal, (Body size source: http://www.tortai-tech.com/upload/download/2011102023233369053.pdf), generated with kicad-footprint-generator")
    (tags diode)
    (path /5D52B390)
    (attr smd)
    (fp_text reference D1 (at 0 -1.43 90) (layer F.SilkS)
      (effects (font (size 1 1) (thickness 0.15)))
    )
    (fp_text value LED_ALT (at 0 1.43 90) (layer F.Fab)
      (effects (font (size 1 1) (thickness 0.15)))
    )
    (fp_line (start 0.8 -0.4) (end -0.5 -0.4) (layer F.Fab) (width 0.1))
    (fp_line (start -0.5 -0.4) (end -0.8 -0.1) (layer F.Fab) (width 0.1))
    (fp_line (start -0.8 -0.1) (end -0.8 0.4) (layer F.Fab) (width 0.1))
    (fp_line (start -0.8 0.4) (end 0.8 0.4) (layer F.Fab) (width 0.1))
    (fp_line (start 0.8 0.4) (end 0.8 -0.4) (layer F.Fab) (width 0.1))
    (fp_line (start 0.8 -0.735) (end -1.485 -0.735) (layer F.SilkS) (width 0.12))
    (fp_line (start -1.485 -0.735) (end -1.485 0.735) (layer F.SilkS) (width 0.12))
    (fp_line (start -1.485 0.735) (end 0.8 0.735) (layer F.SilkS) (width 0.12))
    (fp_line (start -1.48 0.73) (end -1.48 -0.73) (layer F.CrtYd) (width 0.05))
    (fp_line (start -1.48 -0.73) (end 1.48 -0.73) (layer F.CrtYd) (width 0.05))
    (fp_line (start 1.48 -0.73) (end 1.48 0.73) (layer F.CrtYd) (width 0.05))
    (fp_line (start 1.48 0.73) (end -1.48 0.73) (layer F.CrtYd) (width 0.05))
    (fp_text user %R (at 0 0 90) (layer F.Fab)
      (effects (font (size 0.4 0.4) (thickness 0.06)))
    )
    (pad 1 smd roundrect (at -0.7875 0 90) (size 0.875 0.95) (layers F.Cu F.Paste F.Mask) (roundrect_rratio 0.25)
      (net 3 "Net-(D1-Pad1)"))
    (pad 2 smd roundrect (at 0.7875 0 90) (size 0.875 0.95) (layers F.Cu F.Paste F.Mask) (roundrect_rratio 0.25)
      (net 2 +3V3))
    (model ${KISYS3DMOD}/LED_SMD.3dshapes/LED_0603_1608Metric.wrl
      (at (xyz 0 0 0))
      (scale (xyz 1 1 1))
      (rotate (xyz 0 0 0))
    )
  )

  (module Resistor_SMD:R_0603_1608Metric (layer F.Cu) (tedit 5B301BBD) (tstamp 5D571EC1)
    (at 116.2125 87.3)
    (descr "Resistor SMD 0603 (1608 Metric), square (rectangular) end terminal, IPC_7351 nominal, (Body size source: http://www.tortai-tech.com/upload/download/2011102023233369053.pdf), generated with kicad-footprint-generator")
    (tags resistor)
    (path /5D4EA33C)
    (attr smd)
    (fp_text reference R1 (at 2.4875 0 180) (layer F.SilkS)
      (effects (font (size 1 1) (thickness 0.15)))
    )
    (fp_text value 44k (at 0 1.43) (layer F.Fab)
      (effects (font (size 1 1) (thickness 0.15)))
    )
    (fp_line (start -0.8 0.4) (end -0.8 -0.4) (layer F.Fab) (width 0.1))
    (fp_line (start -0.8 -0.4) (end 0.8 -0.4) (layer F.Fab) (width 0.1))
    (fp_line (start 0.8 -0.4) (end 0.8 0.4) (layer F.Fab) (width 0.1))
    (fp_line (start 0.8 0.4) (end -0.8 0.4) (layer F.Fab) (width 0.1))
    (fp_line (start -0.162779 -0.51) (end 0.162779 -0.51) (layer F.SilkS) (width 0.12))
    (fp_line (start -0.162779 0.51) (end 0.162779 0.51) (layer F.SilkS) (width 0.12))
    (fp_line (start -1.48 0.73) (end -1.48 -0.73) (layer F.CrtYd) (width 0.05))
    (fp_line (start -1.48 -0.73) (end 1.48 -0.73) (layer F.CrtYd) (width 0.05))
    (fp_line (start 1.48 -0.73) (end 1.48 0.73) (layer F.CrtYd) (width 0.05))
    (fp_line (start 1.48 0.73) (end -1.48 0.73) (layer F.CrtYd) (width 0.05))
    (fp_text user %R (at 0 0) (layer F.Fab)
      (effects (font (size 0.4 0.4) (thickness 0.06)))
    )
    (pad 1 smd roundrect (at -0.7875 0) (size 0.875 0.95) (layers F.Cu F.Paste F.Mask) (roundrect_rratio 0.25)
      (net 6 "Net-(R1-Pad1)"))
    (pad 2 smd roundrect (at 0.7875 0) (size 0.875 0.95) (layers F.Cu F.Paste F.Mask) (roundrect_rratio 0.25)
      (net 7 "Net-(R1-Pad2)"))
    (model ${KISYS3DMOD}/Resistor_SMD.3dshapes/R_0603_1608Metric.wrl
      (at (xyz 0 0 0))
      (scale (xyz 1 1 1))
      (rotate (xyz 0 0 0))
    )
  )

  (module Resistor_SMD:R_0603_1608Metric (layer F.Cu) (tedit 5B301BBD) (tstamp 5D54691A)
    (at 116.2125 84.1 180)
    (descr "Resistor SMD 0603 (1608 Metric), square (rectangular) end terminal, IPC_7351 nominal, (Body size source: http://www.tortai-tech.com/upload/download/2011102023233369053.pdf), generated with kicad-footprint-generator")
    (tags resistor)
    (path /5D4EB160)
    (attr smd)
    (fp_text reference R2 (at -2.4875 0) (layer F.SilkS)
      (effects (font (size 1 1) (thickness 0.15)))
    )
    (fp_text value 0 (at 0 1.43) (layer F.Fab)
      (effects (font (size 1 1) (thickness 0.15)))
    )
    (fp_line (start -0.8 0.4) (end -0.8 -0.4) (layer F.Fab) (width 0.1))
    (fp_line (start -0.8 -0.4) (end 0.8 -0.4) (layer F.Fab) (width 0.1))
    (fp_line (start 0.8 -0.4) (end 0.8 0.4) (layer F.Fab) (width 0.1))
    (fp_line (start 0.8 0.4) (end -0.8 0.4) (layer F.Fab) (width 0.1))
    (fp_line (start -0.162779 -0.51) (end 0.162779 -0.51) (layer F.SilkS) (width 0.12))
    (fp_line (start -0.162779 0.51) (end 0.162779 0.51) (layer F.SilkS) (width 0.12))
    (fp_line (start -1.48 0.73) (end -1.48 -0.73) (layer F.CrtYd) (width 0.05))
    (fp_line (start -1.48 -0.73) (end 1.48 -0.73) (layer F.CrtYd) (width 0.05))
    (fp_line (start 1.48 -0.73) (end 1.48 0.73) (layer F.CrtYd) (width 0.05))
    (fp_line (start 1.48 0.73) (end -1.48 0.73) (layer F.CrtYd) (width 0.05))
    (fp_text user %R (at 0 0) (layer F.Fab)
      (effects (font (size 0.4 0.4) (thickness 0.06)))
    )
    (pad 1 smd roundrect (at -0.7875 0 180) (size 0.875 0.95) (layers F.Cu F.Paste F.Mask) (roundrect_rratio 0.25)
      (net 7 "Net-(R1-Pad2)"))
    (pad 2 smd roundrect (at 0.7875 0 180) (size 0.875 0.95) (layers F.Cu F.Paste F.Mask) (roundrect_rratio 0.25)
      (net 1 GND))
    (model ${KISYS3DMOD}/Resistor_SMD.3dshapes/R_0603_1608Metric.wrl
      (at (xyz 0 0 0))
      (scale (xyz 1 1 1))
      (rotate (xyz 0 0 0))
    )
  )

  (module Resistor_SMD:R_0603_1608Metric (layer F.Cu) (tedit 5B301BBD) (tstamp 5D571F53)
    (at 116.2125 85.7)
    (descr "Resistor SMD 0603 (1608 Metric), square (rectangular) end terminal, IPC_7351 nominal, (Body size source: http://www.tortai-tech.com/upload/download/2011102023233369053.pdf), generated with kicad-footprint-generator")
    (tags resistor)
    (path /5D4EAD71)
    (attr smd)
    (fp_text reference R3 (at 2.4875 -0.1 180) (layer F.SilkS)
      (effects (font (size 1 1) (thickness 0.15)))
    )
    (fp_text value 44k (at 0 1.43) (layer F.Fab)
      (effects (font (size 1 1) (thickness 0.15)))
    )
    (fp_text user %R (at 0 0) (layer F.Fab)
      (effects (font (size 0.4 0.4) (thickness 0.06)))
    )
    (fp_line (start 1.48 0.73) (end -1.48 0.73) (layer F.CrtYd) (width 0.05))
    (fp_line (start 1.48 -0.73) (end 1.48 0.73) (layer F.CrtYd) (width 0.05))
    (fp_line (start -1.48 -0.73) (end 1.48 -0.73) (layer F.CrtYd) (width 0.05))
    (fp_line (start -1.48 0.73) (end -1.48 -0.73) (layer F.CrtYd) (width 0.05))
    (fp_line (start -0.162779 0.51) (end 0.162779 0.51) (layer F.SilkS) (width 0.12))
    (fp_line (start -0.162779 -0.51) (end 0.162779 -0.51) (layer F.SilkS) (width 0.12))
    (fp_line (start 0.8 0.4) (end -0.8 0.4) (layer F.Fab) (width 0.1))
    (fp_line (start 0.8 -0.4) (end 0.8 0.4) (layer F.Fab) (width 0.1))
    (fp_line (start -0.8 -0.4) (end 0.8 -0.4) (layer F.Fab) (width 0.1))
    (fp_line (start -0.8 0.4) (end -0.8 -0.4) (layer F.Fab) (width 0.1))
    (pad 2 smd roundrect (at 0.7875 0) (size 0.875 0.95) (layers F.Cu F.Paste F.Mask) (roundrect_rratio 0.25)
      (net 7 "Net-(R1-Pad2)"))
    (pad 1 smd roundrect (at -0.7875 0) (size 0.875 0.95) (layers F.Cu F.Paste F.Mask) (roundrect_rratio 0.25)
      (net 6 "Net-(R1-Pad1)"))
    (model ${KISYS3DMOD}/Resistor_SMD.3dshapes/R_0603_1608Metric.wrl
      (at (xyz 0 0 0))
      (scale (xyz 1 1 1))
      (rotate (xyz 0 0 0))
    )
  )

  (module Resistor_SMD:R_0603_1608Metric (layer F.Cu) (tedit 5B301BBD) (tstamp 5D4EC9C1)
    (at 130.2 77.8 90)
    (descr "Resistor SMD 0603 (1608 Metric), square (rectangular) end terminal, IPC_7351 nominal, (Body size source: http://www.tortai-tech.com/upload/download/2011102023233369053.pdf), generated with kicad-footprint-generator")
    (tags resistor)
    (path /5D53E1F1)
    (attr smd)
    (fp_text reference R4 (at 0 -1.43 90) (layer F.SilkS)
      (effects (font (size 1 1) (thickness 0.15)))
    )
    (fp_text value 200k (at 0 1.43 90) (layer F.Fab)
      (effects (font (size 1 1) (thickness 0.15)))
    )
    (fp_text user %R (at 0 0 90) (layer F.Fab)
      (effects (font (size 0.4 0.4) (thickness 0.06)))
    )
    (fp_line (start 1.48 0.73) (end -1.48 0.73) (layer F.CrtYd) (width 0.05))
    (fp_line (start 1.48 -0.73) (end 1.48 0.73) (layer F.CrtYd) (width 0.05))
    (fp_line (start -1.48 -0.73) (end 1.48 -0.73) (layer F.CrtYd) (width 0.05))
    (fp_line (start -1.48 0.73) (end -1.48 -0.73) (layer F.CrtYd) (width 0.05))
    (fp_line (start -0.162779 0.51) (end 0.162779 0.51) (layer F.SilkS) (width 0.12))
    (fp_line (start -0.162779 -0.51) (end 0.162779 -0.51) (layer F.SilkS) (width 0.12))
    (fp_line (start 0.8 0.4) (end -0.8 0.4) (layer F.Fab) (width 0.1))
    (fp_line (start 0.8 -0.4) (end 0.8 0.4) (layer F.Fab) (width 0.1))
    (fp_line (start -0.8 -0.4) (end 0.8 -0.4) (layer F.Fab) (width 0.1))
    (fp_line (start -0.8 0.4) (end -0.8 -0.4) (layer F.Fab) (width 0.1))
    (pad 2 smd roundrect (at 0.7875 0 90) (size 0.875 0.95) (layers F.Cu F.Paste F.Mask) (roundrect_rratio 0.25)
      (net 2 +3V3))
    (pad 1 smd roundrect (at -0.7875 0 90) (size 0.875 0.95) (layers F.Cu F.Paste F.Mask) (roundrect_rratio 0.25)
      (net 8 "Net-(R4-Pad1)"))
    (model ${KISYS3DMOD}/Resistor_SMD.3dshapes/R_0603_1608Metric.wrl
      (at (xyz 0 0 0))
      (scale (xyz 1 1 1))
      (rotate (xyz 0 0 0))
    )
  )

  (module Resistor_SMD:R_0603_1608Metric (layer F.Cu) (tedit 5B301BBD) (tstamp 5D4EC9D1)
    (at 130.2 88.4125 270)
    (descr "Resistor SMD 0603 (1608 Metric), square (rectangular) end terminal, IPC_7351 nominal, (Body size source: http://www.tortai-tech.com/upload/download/2011102023233369053.pdf), generated with kicad-footprint-generator")
    (tags resistor)
    (path /5D53DADC)
    (attr smd)
    (fp_text reference R5 (at -0.0125 1.4 90) (layer F.SilkS)
      (effects (font (size 1 1) (thickness 0.15)))
    )
    (fp_text value 200k (at 0 1.43 90) (layer F.Fab)
      (effects (font (size 1 1) (thickness 0.15)))
    )
    (fp_line (start -0.8 0.4) (end -0.8 -0.4) (layer F.Fab) (width 0.1))
    (fp_line (start -0.8 -0.4) (end 0.8 -0.4) (layer F.Fab) (width 0.1))
    (fp_line (start 0.8 -0.4) (end 0.8 0.4) (layer F.Fab) (width 0.1))
    (fp_line (start 0.8 0.4) (end -0.8 0.4) (layer F.Fab) (width 0.1))
    (fp_line (start -0.162779 -0.51) (end 0.162779 -0.51) (layer F.SilkS) (width 0.12))
    (fp_line (start -0.162779 0.51) (end 0.162779 0.51) (layer F.SilkS) (width 0.12))
    (fp_line (start -1.48 0.73) (end -1.48 -0.73) (layer F.CrtYd) (width 0.05))
    (fp_line (start -1.48 -0.73) (end 1.48 -0.73) (layer F.CrtYd) (width 0.05))
    (fp_line (start 1.48 -0.73) (end 1.48 0.73) (layer F.CrtYd) (width 0.05))
    (fp_line (start 1.48 0.73) (end -1.48 0.73) (layer F.CrtYd) (width 0.05))
    (fp_text user %R (at 0 0 90) (layer F.Fab)
      (effects (font (size 0.4 0.4) (thickness 0.06)))
    )
    (pad 1 smd roundrect (at -0.7875 0 270) (size 0.875 0.95) (layers F.Cu F.Paste F.Mask) (roundrect_rratio 0.25)
      (net 9 "Net-(R5-Pad1)"))
    (pad 2 smd roundrect (at 0.7875 0 270) (size 0.875 0.95) (layers F.Cu F.Paste F.Mask) (roundrect_rratio 0.25)
      (net 10 "Net-(R5-Pad2)"))
    (model ${KISYS3DMOD}/Resistor_SMD.3dshapes/R_0603_1608Metric.wrl
      (at (xyz 0 0 0))
      (scale (xyz 1 1 1))
      (rotate (xyz 0 0 0))
    )
  )

  (module Resistor_SMD:R_0603_1608Metric (layer F.Cu) (tedit 5B301BBD) (tstamp 5D4EC9E1)
    (at 130.2 84.9 90)
    (descr "Resistor SMD 0603 (1608 Metric), square (rectangular) end terminal, IPC_7351 nominal, (Body size source: http://www.tortai-tech.com/upload/download/2011102023233369053.pdf), generated with kicad-footprint-generator")
    (tags resistor)
    (path /5D5207D8)
    (attr smd)
    (fp_text reference R6 (at 0 -1.43 90) (layer F.SilkS)
      (effects (font (size 1 1) (thickness 0.15)))
    )
    (fp_text value 220 (at 0 1.43 90) (layer F.Fab)
      (effects (font (size 1 1) (thickness 0.15)))
    )
    (fp_text user %R (at 0 0 90) (layer F.Fab)
      (effects (font (size 0.4 0.4) (thickness 0.06)))
    )
    (fp_line (start 1.48 0.73) (end -1.48 0.73) (layer F.CrtYd) (width 0.05))
    (fp_line (start 1.48 -0.73) (end 1.48 0.73) (layer F.CrtYd) (width 0.05))
    (fp_line (start -1.48 -0.73) (end 1.48 -0.73) (layer F.CrtYd) (width 0.05))
    (fp_line (start -1.48 0.73) (end -1.48 -0.73) (layer F.CrtYd) (width 0.05))
    (fp_line (start -0.162779 0.51) (end 0.162779 0.51) (layer F.SilkS) (width 0.12))
    (fp_line (start -0.162779 -0.51) (end 0.162779 -0.51) (layer F.SilkS) (width 0.12))
    (fp_line (start 0.8 0.4) (end -0.8 0.4) (layer F.Fab) (width 0.1))
    (fp_line (start 0.8 -0.4) (end 0.8 0.4) (layer F.Fab) (width 0.1))
    (fp_line (start -0.8 -0.4) (end 0.8 -0.4) (layer F.Fab) (width 0.1))
    (fp_line (start -0.8 0.4) (end -0.8 -0.4) (layer F.Fab) (width 0.1))
    (pad 2 smd roundrect (at 0.7875 0 90) (size 0.875 0.95) (layers F.Cu F.Paste F.Mask) (roundrect_rratio 0.25)
      (net 3 "Net-(D1-Pad1)"))
    (pad 1 smd roundrect (at -0.7875 0 90) (size 0.875 0.95) (layers F.Cu F.Paste F.Mask) (roundrect_rratio 0.25)
      (net 5 "Net-(J3-Pad1)"))
    (model ${KISYS3DMOD}/Resistor_SMD.3dshapes/R_0603_1608Metric.wrl
      (at (xyz 0 0 0))
      (scale (xyz 1 1 1))
